4
4 19
0 19 4
14 0 19 4
8 13 14 0 19 4
8 13 14 0 19 4
8 13 14 0 19 4 7
8 13 14 0 19 4 7 18
8 13 14 0 19 4 7 18 17 3
8 13 14 0 19 4 7 18 17 3
8 13 14 0 19 4 7 18 17 3 11
8 13 14 0 19 4 7 18 17 3 11 20
8 13 14 0 19 4 7 18 17 3 11 20 2 22
8 13 14 0 19 4 7 18 17 3 11 20 2 22 12
8 13 14 0 19 4 7 18 17 3 11 20 2 22 12 24
8 13 14 0 19 4 7 18 17 3 11 20 2 22 12 24 6
8 13 14 0 19 4 7 18 17 3 11 20 2 22 12 24 6
8 13 14 0 19 4 7 18 17 3 11 20 2 22 12 24 6 5
8 13 14 0 19 4 7 18 17 3 11 20 2 22 12 24 6 1 15 5
8 13 14 0 19 4 7 18 17 3 11 20 2 22 12 24 6 1 15 5
8 13 14 0 19 4 7 18 17 3 11 20 2 22 12 24 6 1 15 10 5 
8 13 14 0 19 4 7 18 17 3 11 20 2 22 12 24 6 1 15 10 21 5
8 13 14 0 19 4 7 18 17 3 11 20 2 22 12 24 6 1 15 10 9 21 5
8 13 14 0 19 4 7 18 17 3 11 20 2 22 12 24 6 1 15 10 9 21 23 5
8 13 14 0 19 4 7 18 17 3 11 20 2 22 12 24 6 1 15 10 9 21 23 25 16 5
8 13 14 0 19 4 7 18 17 3 11 20 2 22 12 24 6 1 15 10 9 21 23 25 16 5
